51932181131
51941045639
51950348938
51950245424
51920092532
51973916126
51951324624
51934680910
51925624516
51991498902
51924221562
51948415164
51963081081
51922854337
51974905739
51945082775
51955063766
51998388802
51913709765
51929031644
51957600633
51950911603
51989488586
51929294088
51976763745
51938199890
51983247993
51934588075
51925989325
51916739398
51960652870
51995964929
51973812586
51966785826
51964609518
51915247581
51968620295
51940175136
51931363070
51906229877
51900364024
51930588575
51915961727
51949356823
51902574666
51999546376
51910724437
51948208212
51925275698
51983575199
51948903618
51986253375
51970697070
51993910219
51936230245
51995547212
51919035663
51977590465
51946334081
51940860532
51992331357
51995984024
51939619139
51991271367
51920892548
51922615116
51950619517
51968341741
51984318454
51910988657
51997202002
51980303600
51989927254
51982371636
51931735263
51959465186
51968778146
51976200919
51918575828
51952767431
51929644619
51916180182
51985103261
51915222105
51945404251
51985504302
51974819645
51949475833
51992052168
51948224874
51934134410
51989225653
51992115156
51983465258
51993763390
51959739771
51984063432
51994100318
51910270302
51918378239
51904960148
51992742960
51951708102
51910050105
51986517110
51990265756
51910939217
51997119952
51937093198
51903337503
51925676731
51973834857
51954720591
51950353088
51935135712
51926003807
51957718051
51963413233
51989754703
51904857908
51910036283
51940656110
51945585071
51902933433
51959108059
51925005788
51902299447
51951986148
51923002742
51965155056
51995575225
51949729873
51987042444
51959104319
51978342518
51914674250
51965030317
51952797746
51953281110
51973001002
51957115858
51999815036
51902160093
51966743129
51961835241
51953791316
51997185806
51941973714
51981568178
51930537330
51941362601
51994807941
51902643268
51915321265
51925116253
51978435046
51985388128
51961984233
51938373069
51925700776
51958684089
51990325491
51947157184
51929384861
51929190398
51973455389
51963060938
51918520687
51902443191
51939656548
51995501719
51907777199
51981232737
51924269778
51931181680
51964510486
51956209047
51932315771
51933300507
51957658530
51973915773
51955355184
51951739158
51920436863
51944898159
51953614409
51993593201
51907932003
51913542006
51927958510
51931070918
51998654739
51991558998
51984709179
51934139978
51992773229
51987657128
51966148705
51916999712
51935017262
51964541128
51943911547
51913664896
51950784677
51958177328
51995764624
51981054047
51935187439
51981558838
51932894347
51931668387
51942069770
51901391260
51934844300
51962803560
51960044175
51953849204
51985268122
51967164625
51941237363
51984752785
51991334800
51902062369
51929284635
51947544354
51923961731
51989360383
51973444189
51973339011
51987547614
51968267701
51984504234
51942406254
51988383937
51907631908
51969795691
51964497770
51966926369
51924723252
51950068071
51968069181
51930156462
51956137177
51906483973
51995543110
51904532317
51918451361
51984074005
393311514843
51934924837
51941598964
51942932499
51943771995
51993930287
51973098033
51992368117
51986057630
51924899347
51940228508
51988867704
51942597751
51939523782
51913541010
51922665893
51917854338
51993833185
51980721252
51994701936
51992161738
51998245177
51970035164
51999606052
51922977425
51978027793
51977953036
51931001126
51917776518
51941843464
51999229350
51960639109
51903383795
51913418292
51918529179
51925545727
51993034454
51972777550
51919622368
51924811341
51989060478
51930849875
51956112428
51960637673
51997442903
51966234939
51937348502
51984777098
51942507221
51904321654
51910567582
51946468462
51933563144
51928608707
51944122819
51952487096
51929740780
51944177316
51907948205
51984488616
51939648938
51916971064
51943141364
51952633386
51991733725
51914265010
51959353213
51962142411
51967313643
51942024889
51964510332
51904181172
51935348302
51912174940
51924565726
51933217723
51971738483
51956248610
51922999867
51940930876
51979464181
51995844547
51925283198
51930997483
51900708382
51986269627
51987411582
51969189245
51932147047
51987979677
51985801685
51940041440
51976719588
51986260408
51986387324
51957387881
51983214688
51960783111
51937727668
51937093190
51971911444
51989057781
51968720364
51933403767
51978611671
573217441754
51979482185
51913570750
51961908444
51914466066
51904503636
51918731165
51986797261
51946673453
51992546491
51922458875
51958962171
51991577596
51991274466
51981543124
51953364664
51900128785
51926245100
51943383833
51983805150
51931967551
51913920314
51986006433
51945998248
51900400097
51966575957
51973003800
51918701107
51904644795
51940856204
51922091980
51940930013
51966359588
51949477317
51923057454
51947881122
51986594922
51996224635
51981304355
51936615426
51932560794
51930593964
51929601465
51982053679
51930769871
51954121823
51928118709
51923022272
51973318511
51956231409
51961480097
51941934530
51914638851
51928472565
51979620954
51927008587
51913852229
51938228483
51962660736
51949235121
51954462242
51940892690
51908556255
51997237677
51910645945
51978254859
51928178408
51917075002
51945591689
51910720525
51903278355
51973054882
51969585657
51994222649
51966886469
51925884878
51954464017
51994838419
51968724551
51927015032
51973203831
51921362808
51904827393
51930681863
51986303906
51951715027
51937022833
51937258201
51965879743
51920207582
51900320301
51986235586
51904434048
51967110184
51981009732
51951483576
51929643427
51919011353
51927809876
51971856539
51901062611
51998229250
51976362959
51945523864
51989989451
51997656039
51974681021
51907601934
51912329225
51957016941
51922020194
51999674216
51956791662
51900496571
51900301074
51979779163
51930676667
51968297699
51951072240
51977621875
51986113539
51956076709
51932523068
51967506201
51970820871
51989102860
51942304494
51918849657
51960733197
51917116689
51937458706
51915998150
51925231260
51901225086
51981453042
51984278974
51971594629
51950131435
51986707645
51987226789
51976676635
51917861315
51944898684
51968888244
51957648314
51980066709
51944976939
51921455731
51916170608
51984933696
51993177886
51973298081
51944619272
51947410740
51984410729
51973115658
51929961227
51920545171
51963142592
51976594371
51987091027
51971587163
51987837206
51900204059
51927425253
51920437181
51929378717
51935718207
51975156310
51981009328
51997128884
51978737958
51956634224
51973994917
51904350569
51994616184
51969130897
51955889015
51941829937
51921939875
51976023927
51902142234
51918166847
51999864295
51989301942
51953272551
51967094697
51917437684
51900535064
51929988178
51986974434
51931923194
51977860031
51915052441
51917325069
51940543381
51959338825
51997643897
51918733585
51976476080
51943997651
51926572561
51949413701
51997728537
51912731309
51949174566
51935712621
51916353156
51965764259
51996610293
51935121423
51974619019
51968825703
51927434322
51926077931
51946733798
51924504876
51965907110
51938306057
51931753439
51983321211
51973026997
51946158562
51925298391
51948831671
51946991547
51952011064
51934597111
51967065296
51965969575
51942537872
51975723130
51971208057
51959297256
51935321992
51970515808
51906845541
51946212449
51965876941
51951733234
51977973176
51901826234
51928983483
51921718748
51907675123
51978455859
51999487221
51904042315
51977682623
51945424450
51998182058
51917804746
51981845478
51949566534
51938344301
51918094394
51917105770
51929476096
51999987097
51999557202
51942436131
51966630358
51984071408
51978329634
51926162484
51965642535
51951423496
51997157061
51965195729
51943783959
51990158551
51926249033
51966539971
51930556921
51926254935
51904953934
51981666608
51910278974
51987779929
51925997046
51912099878
51950239742
51916355882
51962282699
51976194985
51914551775
51946730500
51992209444
51918405894
51916651501
51921618126
51960335933
51961491017
51920065149
51946914454
51999330766
51941796000
51983554890
51916453566
51989893179
51971203782
51954545080
51985240397
51990168188
51997513605
51941378858
51928050922
51910951330
51972223184
51941540308
51921573129
51907921741
51939716627
51923982673
51980698731
51906333604
51902136122
51931130652
51962336174
51924619992
51955023097
51973911601
51927893240
51931847630
51966028640
51900901847
51966757983
51977178819
51932324178
51935925621
51917054267
51994585085
51981380641
51984686884
51987750881
51982011262
51947462610
51990630299
51968800985
51921879915
51908996457
51927352784
51904369913
51934827064
51954200823
51963731803
51912624186
51981154136
51995111876
51961913936
51907830041
51935050974
51921251383
51925904566
51965439700
51920757177
51948705693
51910287198
51914636319
51959011983
51925459858
51943319920
51933489320
51927292970
51987279137
51949933611
51941732123
51928586383
51917788211
51938485715
51972836707
51913011689
51944854498
51913912080
51977544059
51926255074
51913766632
51994211687
51929217562
51964106465
51935943994
51949385503
51948964203
51999131214
51979904580
51974059316
51994304056
51907345297
51941975941
51920669752
51915382494
51959107533
51930667033
51954606275
51921897463
51930165841
51973853891
51981757550
51918206037
51950107616
51957897145
51948225283
51947946350
51962696366
51922416306
51952169465
51929261987
51993395255
51901073643
51930048345
51931928805
51926843160
51999425370
51965988550
51918839266
51981238233
51947234372
51946834404
51955934175
51971813075
51931295309
51952030113
51935513096
51910314896
51924465247
51948228970
51904522107
51989523444
51985471991
51952261698
51973584719
51972241304
51927289943
51984373103
51953930298
51970592674
51908659321
51985112531
51907248506
51934178383
51972034340
51907440139
51973292470
51904671242
51904759380
51991608113
51989468467
51923291062
51975128188
51928064250
51974091891
51983107571
51975243980
51969276881
51947788902
51958297703
51975848561
51904684629
51958690994
51928448312
51918304689
51930608154
51918765768
51999333254
51929782615
51917759896
51962751631
51910567202
51902850457
51989216693
51949043623
51908540348
51968670109
51950180855
51947606336
51925916865
51926272957
51916736895
51940227435
51924494944
51931272280
51902374090
51937467443
51969959625
51995052550
51994705028
51935237509
51983223377
51932508513
51999200496
51960906322
51949171542
51983801789
51956208310
51961957953
51940070747
51921338786
51968359961
51962979951
51916416434
51999486125
51916403480
51999256271
51913432376
51953465839
51904401065
51900464530
51980733713
51924824405
51963670099
51927669824
51901424440
51901957054
51989673497
51958815630
51931418303
51902978149
51917080782
51970248255
51995425901
51997034167
51939643218
51934743923
51910592432
51950199724
51967903277
51910491688
51977384065
51999380524
51943753413
51920399401
51969779728
51927682180
51967374814
51925246199
51938314945
51967825423
51936099932
51965863176
51926585795
51977740616
51903433592
51931654027
51914607211
51996643418
51934835805
51926687276
51959147091
51988013825
51949804526
51961584963
51910952183
51999607165
51917814012
51931243995
51968920755
51906097834
51917342577
51968471818
51965768961
51941434745
51932783500
51920055993
51955757398
51929479492
51987488761
51983477891
51969520514
51923273222
51935600057
51956493194
51945893132
51950786341
51941429057
51996946355
51979480077
51983276839
51944705068
51928894984
51990497638
51975400297
51932355936
51924810639
51984263007
51971670936
51925670150
