51932181131
51987042444
447974905044
447710173736
51941045639
51950348938
51943014431
51987809402
51950245424
51934400142
51928186360
51926840175
51916474036
51920092532
51968939555
51918344717
51973916126
51925624516
51945585071
51902917073
51972335324
51957265758
51924673008
51987742098
51917366184
51969360430
51965655546
51956751115
51936237156
51929294088
51974019202
51972070666
51948415164
51981198253
51951324624
51929031644
51927354687
51991498902
51963413233
51907417358
51934680910
51925367182
51995964929
51959208340
51969710711
51922854337
51917080782
51982782157
51908575697
51916254996
51932202334
51924221562
51963081081
51976763745
51918931360
51913441984
51967147444
51974905739
51907948028
51968197911
51957543391
51984749123
51928972059
51955063766
51930145378
51920613763
51935178462
51928332660
51927322516
51983391750
51976157572
51998388802
51945082775
51915986495
51913709765
16506759733
51921241941
51959124105
51950911603
51997559801
51902110017
51962132385
51981349219
51950184371
51929520896
51957600633
51992010389
51952271209
51989488586
51967006165
51904154176
51934588075
51941251255
51946164203
51989393824
51938199890
51906775214
51950131435
51942774558
51986253375
51942818575
51983247993
51959683956
51925989325
51932929590
51991411035
51933222669
51915247581
51923099154
51932170509
51960652870
51916739398
51916790027
51929486251
51999871851
51954148657
51926252719
51998227556
51957627000
51910724437
51953375633
51992626089
51983301091
51930588575
51953064201
51973812586
51979779163
51951748496
51966785826
51985805740
51960241872
51962292204
51981099395
51929130175
51946377448
51964609518
51975670354
51913989629
51949356823
51949044480
51929338965
51904397347
51925275698
51931091167
51969083086
51940175136
51915961727
51968620295
51901535675
51950373272
51912281017
51986382261
51948903618
51901066045
51958618198
51928595549
51900364024
51931363070
51988867704
51927576684
51906229877
51926954093
51958020299
51931934597
51977113424
51979341562
51939278213
51999546376
51906852901
51956899600
51921634655
51902574666
51966142225
51958538034
51936220280
51906040509
51919035663
51904318076
51921345307
51929988040
51920485828
51977590465
51991271367
51983575199
51944436558
51948208212
51997119952
51933615013
51993910219
51946334081
51976688281
51916464740
51934694136
51969101062
51939811063
51904549296
51984488616
51974597501
51925340795
51970697070
51951593344
51946977182
51939619139
51936230245
51936446546
51971677950
51917309629
51940860532
51995984024
51954107897
51965988550
51931735263
51928771945
51995547212
51922615116
51992331357
51979784131
51931730800
51989292936
51922416306
51910988657
51982406011
51950745497
51996444976
51920892548
51958711554
51965665449
51944037714
51976175645
51984335383
51958357776
51943935772
51928407128
51963532380
51923868067
51970029697
51950927834
51949325643
51930631150
51950619517
51921458227
51984318454
51914607211
51916235214
51916841135
51958966675
51968341741
51945782000
51987265102
51947381972
51989927254
51997202002
51977927289
51980303600
51946208240
51986191132
51981101338
51945220470
51982371636
51910939217
51933979881
51999194080
51959465186
51983630441
51902990379
51968778146
51976200919
51920691534
51907548381
51997128884
51975628471
51943572482
51994763213
51972782677
13107409832
51942494123
51964759879
51923240497
51988934913
51902006558
51930698107
51942441940
51938373069
51952767431
51918575828
51913426066
51976646411
51974597964
51969970870
51980819909
51930818985
51916180182
51950375139
51926052531
51929644619
51901146882
51921385838
51934928099
51985103261
51975431021
51917327040
51925197233
51914656813
