51987042444
51941045639
51950348938
51987809402
51934400142
51928186360
51920092532
51918344717
51972335324
51987742098
51917366184
51948415164
51934680910
51972070666
51929031644
51991498902
51957265758
51922854337
51982782157
51924221562
51963081081
51967147444
51968197911
51907948028
51957543391
51920613763
51976763745
51983391750
51928972059
51955063766
51995964929
51984749123
51974905739
51945082775
51917080782
51929294088
51962132385
51902110017
51928332660
51913709765
51915986495
51932202334
51929520896
51992010389
51904154176
51946164203
51906775214
51942774558
51983247993
51941251255
51938199890
51991411035
51933222669
51925989325
51934588075
51950911603
51916739398
51960652870
51915247581
51929486251
51989488586
51973812586
51951748496
51929130175
51930588575
51966785826
51949356823
51915961727
51968620295
51940175136
51948903618
51900364024
51906229877
51921634655
51999546376
51926954093
51958538034
51925275698
51910724437
51991271367
51948208212
51921345307
51983575199
51919035663
51927576684
51916464740
51970697070
51939619139
51951593344
51954107897
51993910219
51940860532
51904549296
51931735263
51995547212
51977590465
51946334081
51995984024
51910988657
51936220280
51920892548
51970029697
51950927834
51916235214
51984318454
51968341741
51958357776
51958966675
51989927254
51946208240
51980303600
51986191132
51945220470
51959465186
51977927289
51976200919
51968778146
51907548381
51975628471
51952767431
51913426066
51972782677
51916180182
51934928099
51985103261
51975431021
